0.05119297798498497
0.09466643272089442
0.0752699929232762
0.11837832442782724
0.1302413319582904
0.11204047578763271
0.06504163198796949
0.10627953747614807
0.16759026072434366
0.09322316433856226
0.11385907664234282
0.1430251673427701
0.17536610816731799
0.12993831671394449
0.1896771764570188
0.20140546044648988
0.24026582820756903
0.16185424700351608
0.24989100791248636
0.25324923008448275
0.19195256810722616
0.2490403315775954
0.2429514023338373
0.2718037758834132
0.27122117834858855
0.24443322100899328
0.2571034696998461
0.33586967530847367
0.3259410189695364
0.3072428773854194
0.3583655112983807
0.2995639790642651
0.3441416967109119
0.3094492123002207
0.3513786007001617
0.34674976266698054
0.3793603579144531
0.3332081939068323
0.4098248046435902
0.38249308575977253
0.3399430744585482
0.41688179455029434
0.3620783553579907
0.41434732541486874
0.3914295134310468
0.3811573011331577
0.3923121819565965
0.43516528034240454
0.4000792653921396
0.397641998578143
0.4290010645998175
0.4500181674009612
0.4639412979603621
0.4150515536089111
0.43528357275715535
0.44310701719026624
0.4825543392676087
0.4606879755575983
0.4660452503355908
0.493653472120566
0.4584132340813428
0.5218188373027092
0.5451808130896474
0.5671775557277622
0.47498520429731494
0.5481561686295544
0.5727236305516792
0.5686816916749131
0.5602958975973298
0.5140956207740404
0.5469990866127844
0.6023969458846923
0.6016817659732179
0.5767257434428471
0.5506459703177661
0.5872042727046507
0.552533356037471
0.6243653368012883
0.6183139543520311
0.5644848302734744
0.5799063287508446
0.6403724328069067
0.5695680256471688
0.6357199943244622
0.5736142215036271
0.602347152810393
0.5849435473854294
0.6638413448088513
0.6434946815902117
0.6455609987982851
0.6341620251994217
0.6620911660911986
0.6232365499142325
0.6351673453222137
0.6673740174161871
0.7063602077326883
0.6993128802166948
0.7003566214196255
0.6476125598984316
0.6709564507382988
0.6471115982258625
0.6522609444226422
0.6505676487723923
0.692360155281927
0.6978201729511045
0.7076412655046903
0.6605695473762458
0.6858464345694676
0.6817195498703734
0.7636209157450097
0.6760223197136596
0.6765736761376702
0.7387545411572638
0.7309155131305568
0.6853866773360633
0.7637560834570204
0.7055227173631948
0.7281000845769896
0.7020604017137715
0.6993554185680599
0.7263372494326734
0.7642224845191093
0.7528854562237879
0.718302439496012
0.7942598035880913
0.7195856448957794
0.8094288305475025
0.799618966206721
0.8140115778281274
0.7485604832094485
0.7469489311568758
0.7626422395684467
0.8150986930193956
0.7845313285280943
0.8132597258316779
0.8280203757021339
0.765039970759125
0.7715342854615618
0.8300303016123453
0.800238671061672
0.7607187661846685
0.7830720327407308
0.7873085029930161
0.8329547853540005
0.8075757904944425
0.7866980819703892
0.791784739013782
0.8580924488577392
0.7939122527796322
0.8183076030360596
0.8261282112792363
0.7941216065208088
0.8184871783728644
0.7899507278763795
0.8645246761019033
0.8156177045279591
0.8423441017785901
0.846877301246506
0.8362940863345047
0.8811566745835955
0.8232843119288814
0.8607763304475602
0.8775279083009373
0.810822739480392
0.8205117437484992
0.8635192466674922
0.8372798817305899
0.8684990943680313
0.8555818270675409
0.8303976091686709
0.8436531083556409
0.912673702518831
0.8536061693220112
0.8538128783118882
0.8425740792090312
0.8906846086240648
0.8892676347375503
0.8512295743171953
0.8988912113909631
0.8392017998968178
0.8486685549665429
0.8747131403907963
0.8380616584003461
0.9247624212854999
0.9353425260394389
0.85643366015276
0.90534502773039
0.943489131412265
0.9063209531895163
0.8919803777652349
0.9218116292280575
0.865048162686132
0.9026350063889077
0.9247651437514953
0.9182858157558575
0.9433516580159095
0.9516257853884494
0.9558705343516728
0.9406180465160404
0.9030703214775673
0.880618117632977
0.9376715017969255
0.888186809145249
0.9678449272394963
0.9516414756463389
0.9544312671969296
0.9163206688280858
0.9521912040762273
0.9049112300656106
0.949680465096216
0.9275891124207303
0.9148930811188114
0.9459601744943741
0.9647697531605344
0.908344867156611
0.9467888232640636
0.9318946507166086
0.9738464488364948
0.9760437649496294
0.9256358280932913
0.9221866074244681
0.9145673621546836
0.962738189098831
0.953447352420764
0.9388753842857133
0.9769977315922382
0.908397654643012
0.935750910217258
0.963019424892045
0.9327953991705861
0.916559074921849
0.9873582076026397
0.9592962486976311
0.9632268163647801
0.9886614153907274
0.9562926562925317
1.0035372739959239
0.9089116967628175
0.9732881908653884
0.9100024262358566
0.9733775106137663
0.9165585101996409
1.0047892244699212
0.9803126587618396
0.960942833189685
0.9317485409857328
0.9828628265524508
1.0019147391132033
0.9281800143536342
0.9267232475992888
0.9814645507214617
1.0159140996939837
0.9632849375960749
0.9453945939241406
1.0125646521220693
1.0186650074266455
0.940530472088914
0.9335757001515564
0.9294300172784897
0.9517342913302699
0.9931230090872991
0.9299810631701432
1.0068119912791549
0.9924257061532383
0.9367984694649598
0.9590172840162454
0.9774360133459458
0.9995647368729436
0.9716468356893924
0.961370165974135
0.9806911202756348
1.0269446138295002
1.0059800809094162
0.9698276712863557
0.9428595421443821
0.9984513048966074
0.9892680336435726
0.9421139705382084
0.9431727035857783
1.0008958104079428
0.9734013776885383
1.030868225564991
1.0334067465767098
0.9836499813363296
0.9842645384651647
0.9558396640362884
0.9785116202247662
0.9910828707847572
0.9513911783769128
1.0291268522200983
0.9684143013849991
0.9505327179668719
0.9725184705241658
1.0112100607490733
1.018041616187582
0.9865880684533685
1.0479297811693224
1.0040003451675243
0.9768512922483896
0.9899996660322486