0.0
0.009999833334166664
0.01999866669333308
0.02999550020249566
0.03998933418663416
0.04997916927067833
0.059964006479444595
0.06994284733753277
0.0799146939691727
0.08987854919801104
0.09983341664682815
0.10977830083717481
0.11971220728891936
0.12963414261969486
0.1395431146442365
0.14943813247359922
0.15931820661424598
0.16918234906699603
0.17902957342582418
0.18885889497650057
0.19866933079506122
0.20845989984609956
0.21822962308086932
0.2279775235351884
0.23770262642713458
0.24740395925452294
0.2570805518921551
0.26673143668883115
0.27635564856411376
0.28595222510483553
0.29552020666133955
0.3050586364434435
0.31456656061611776
0.32404302839486837
0.3334870921408144
0.34289780745545134
0.35227423327508994
0.361615431964962
0.3709204694129827
0.3801884151231614
0.3894183423086505
0.3986093279844229
0.40776045305957015
0.41687080242921076
0.4259394650659996
0.43496553411123023
0.4439481069655198
0.4528862853790683
0.4617791755414829
0.470625888171158
0.479425538604203
0.4881772468829075
0.49688013784373675
0.5055333412048469
0.5141359916531132
0.5226872289306592
0.5311861979208834
0.5396320487339692
0.5480239367918736
0.5563610229127838
0.5646424733950354
0.5728674601004813
0.5810351605373051
0.5891447579422695
0.5971954413623921
0.6051864057360395
0.6131168519734338
0.6209859870365597
0.6287930240184686
0.6365371822219679
0.644217687237691
0.6518337710215366
0.6593846719714731
0.6668696350036979
0.674287911628145
0.6816387600233341
0.6889214451105513
0.6961352386273567
0.7032794192004101
0.7103532724176078
0.7173560908995228
0.7242871743701426
0.7311458297268958
0.7379313711099627
0.7446431199708593
0.7512804051402927
0.757842562895277
0.7643289370255051
0.7707388788989693
0.7770717475268238
0.7833269096274834
0.7895037396899505
0.795601620036366
0.8016199408837772
0.8075581004051142
0.8134155047893737
0.8191915683009983
0.8248857133384501
0.8304973704919705
0.8360259786005205
0.8414709848078965
0.8468318446180152
0.852108021949363
0.8572989891886034
0.8624042272433384
0.867423225594017
0.8723554823449863
0.8772005042746817
0.8819578068849475
0.8866269144494873
0.8912073600614354
0.8956986856800476
0.9001004421765051
0.9044121893788258
0.9086334961158832
0.912763940260521
0.9168031087717669
0.9207505977361357
0.9246060124080203
0.9283689672491666
0.9320390859672263
0.9356160015533859
0.9390993563190676
0.9424888019316975
0.945783999449539
0.9489846193555862
0.9520903415905158
0.9551008555846923
0.9580158602892249
0.9608350642060727
0.963558185417193
0.966184951612734
0.9687151001182652
0.9711483779210446
0.9734845416953194
0.9757233578266591
0.9778646024353163
0.9799080613986142
0.9818535303723597
0.9837008148112766
0.9854497299884601
0.9871001010138504
0.9886517628517197
0.9901045603371778
0.9914583481916864
0.9927129910375885
0.9938683634116449
0.9949243497775809
0.99588084453764
0.9967377520431434
0.9974949866040544
0.9981524724975481
0.998710143975583
0.999167945271476
0.9995258306054791
0.999783764189357
0.9999417202299663
0.9999996829318346
0.9999576464987401
0.9998156151342908
0.9995736030415051
0.9992316344213905
0.998789743470524
0.9982479743776325
0.9976063813191737
0.9968650284539189
0.9960239899165367
0.9950833498101802
0.994043202198076
0.9929036510941185
0.9916648104524686
0.990326804156158
0.9888897660047015
0.9873538397007164
0.9857191788355535
0.9839859468739369
0.9821543171376185
0.9802244727880455
0.9781966068080447
0.9760709219825242
0.9738476308781951
0.9715269558223153
0.9691091288804563
0.9665943918332975
0.9639829961524481
0.9612752029752999
0.9584712830789142
0.955571516852944
0.9525761942715953
0.9494856148646305
0.9463000876874145
0.9430199312900106
0.9396454736853249
0.9361770523163061
0.9326150140222005
0.9289597150038693
0.9252115207881683
0.9213708061913954
0.9174379552818098
0.9134133613412252
0.9092974268256817
0.905090563325201
0.9007931915226273
0.89640574115156
0.8919286509533796
0.8873623686333755
0.8827073508159741
0.8779640629990781
0.8731329795075164
0.8682145834456126
0.8632093666488737
0.8581178296348089
0.8529404815528762
0.8476778401335698
0.8423304316366457
0.8368987907984977
0.8313834607786831
0.825784993105608
0.8201039476213742
0.814340892425796
0.8084964038195901
0.8025710662467472
0.7965654722360865
0.7904802223420048
0.7843159250844198
0.7780731968879212
0.7717526620201259
0.7653549525292536
0.758880708180922
0.7523305763941707
0.7457052121767203
0.7390052780594708
0.7322314440302514
0.7253843874668195
0.7184647930691263
0.7114733527908443
0.7044107657701763
0.6972777382599378
0.6900749835569364
0.6828032219306397
0.675463180551151
0.668055593416491
0.6605812012792007
0.6530407515722648
0.6454349983343707
0.6377647021345036
0.6300306299958922
0.6222335553193047
0.6143742578057118
0.6064535233783147
0.5984721441039565
0.590430918113913
0.5823306495240819
0.5741721483545726
0.5659562304487028
0.557683717391417
0.5493554364271266
0.5409722203769886
0.5325349075556212
0.5240443416872761
0.5155013718214642
0.5069068522480534
0.49826164241183857
0.4895666068265995
0.48082261498864826
0.47203054128988264
0.4631912649303452
0.45430566983030646
0.44537464454187115
0.4363990821601263
0.4273798802338298
0.418317940675659
0.4092141696720173
0.4000694775924195
0.3908847788984522
0.38166099205233167
0.3723990394250557
0.3630998472041683
0.3537643453011431
0.34439346725839
0.3349881501559051
0.32554933451756
0.3160779642170538
0.30657498638352293
0.2970413513068324
0.2874780123425444
0.2778859258165868
0.2682660509296179
0.25861934966111083
0.24894678667315256
0.23924932921398243
0.2295279470212642
0.21978361222511694
0.21001729925089915
0.20022998472177053
0.19042264736102704
0.18059626789423291
0.17075182895114532
0.16089031496745576
0.15101271208634384
0.1411200080598672
0.13121319215018423
0.12129325503062975
0.11136118868665001
0.10141798631660186
0.0914646422324372
0.08150215176026912
0.0715315111408437
0.06155371742991315
0.05156976839853464
0.04158066243329049
0.031587398436453896
0.02159097572609596
0.011592393936158275
0.0015926529164868282
-0.008407247367148618
-0.01840630693305381
-0.02840352588360379
-0.03839790450523538
-0.04838844336841415
-0.058374143427580086
-0.06835400612104778
-0.0783270334708653
-0.0882922281826076
-0.09824859374510868
-0.10819513453010837
-0.11813085589181738
-0.12805476426637968
-0.13796586727122684
-0.14786317380431852
-0.1577456941432482
-0.16761244004421832
-0.17746242484086014
-0.18729466354290317
-0.19710817293466984
-0.20690197167339977
-0.21667508038737962
-0.22642652177388314
-0.236155320696897
-0.24586050428463702
-0.2555411020268312
-0.26519614587177337
-0.274824670323124
-0.28442571253646254
-0.2939983124155676
-0.30354151270842933
-0.3130543591029702
-0.322535900322479
-0.3319851882207341
-0.34140127787682095
-0.35078322768961984
-0.36013009947196817
-0.3694409585444771
-0.3787148738289976
-0.3879509179417303
-0.3971481672859598
-0.4063057021444168
-0.4154226067712459
-0.4244979694835826
-0.43353088275271773
-0.44252044329485246
-0.45146575216142315
-0.4603659148289983
-0.46922004128872713
-0.47802724613534286
-0.48678664865569937
-0.4954973729168449
-0.5041585478536115
-0.5127693073557238
-0.5213287903544065
-0.5298361409084934
-0.5382905082900177
-0.5466910470692872
-0.5550369171994238
-0.56332728410037
-0.5715613187423437
-0.5797381977287428
-0.5878571033784827
-0.5959172238077639
-0.6039177530112606
-0.6118578909427189
-0.6197368435949633
-0.6275538230792933
-0.6353080477042756
-0.6429987420539088
-0.6506251370651673
-0.6581864701049049
-0.6656819850461192
-0.6731109323435617
-0.680472569108694
-0.6877661591839738
-0.694990973216472
-0.7021462887308054
-0.7092313902013861
-0.7162455691239705
-0.7231881240865121
-0.7300583608392995
-0.7368555923643834
-0.7435791389442746
-0.750228328229919
-0.7568024953079282
-0.7633009827670734
-0.7697231407640238
-0.7760683270883323
-0.7823359072266528
-0.788525254426195
-0.7946357497573968
-0.8006667821758177
-0.8066177485832405
-0.8124880538879843
-0.8182771110644103
-0.8239843412116258
-0.8296091736113709
-0.8351510457850935
-0.8406094035501945
-0.8459837010754465
-0.8512734009355745
-0.8564779741650012
-0.8615969003107405
-0.8666296674844443
-0.8715757724135882
-0.8764347204918014
-0.8812060258283253
-0.8858892112966027
-0.8904838085819885
-0.8949893582285835
-0.8994054096851777
-0.9037315213503053
-0.9079672606164054
-0.9121122039130803
-0.9161659367494549
-0.9201280537556237
-0.9239981587231879
-0.9277758646448755
-0.9314607937532425
-0.9350525775584491
-0.9385508568851079
-0.941955281908201
-0.9452655121880633
-0.9484812167044256
-0.951602073889516
-0.9546277716602164
-0.9575580074492711
-0.9603924882355434
-0.9631309305733167
-0.9657730606206388
-0.9683186141667072
-0.9707673366582883
-0.9731189832251739
-0.9753733187046665
-0.977530117665097
-0.9795891644283669
-0.9815502530915153
-0.9834131875473108
-0.9851777815038595
-0.9868438585032365
-0.9884112519391305
-0.9898798050735039
-0.991249371052267
-0.9925198129199632
-0.9936910036334644
-0.9947628260746756
-0.9957351730622453
-0.9966079473622855
-0.9973810616980933
-0.9980544387588794
-0.9986280112074989
-0.9991017216871848
-0.999475522827284
-0.999749377247994
-0.9999232575641008
-0.999997146387718
-0.9999710363300245
-0.9998449300020044
-0.9996188400141854
-0.999292788975378
-0.9988668094904142
-0.9983409441568876
-0.9977152455608933
-0.9969897762717695
-0.9961646088358407
-0.9952398257691627
-0.9942155195492713
-0.9930917926059354
-0.9918687573109126
-0.9905465359667133
-0.9891252607943698
-0.9876050739202153
-0.9859861273616704
-0.9842685830120416
-0.9824526126243325
-0.9805383977940689
-0.9785261299411385
-0.9764160102906497
-0.9742082498528091
-0.9719030694018208
-0.9695006994538088
-0.967001380243766
-0.9644053617015305
-0.9617129034267934
-0.9589242746631385
-0.9560397542711181
-0.9530596307003677
-0.9499842019607608
-0.9468137755926089
-0.9435486686359066
-0.9401892075986287
-0.9367357284240789
-0.9331885764572976
-0.9295481064105251
-0.9258146823277325
-0.9219886775482162
-0.918070474669267
-0.914060465507907
-0.9099590510617106
-0.9057666414687044
-0.9014836559663548
-0.8971105228496424
-0.8926476794282346
-0.8880955719827542
-0.8834546557201531
-0.8787253947281899
-0.8739082619290224
-0.8690037390319161
-0.8640123164850744
-0.858934493426592
-0.8537707776345433
-0.8485216854762045
-0.8431877418564168
-0.8377694801650978
-0.8322674422239013
-0.8266821782320363
-0.821014246711247
-0.8152642144499634
-0.8094326564466194
-0.8035201558521559
-0.7975273039117042
-0.791454699905466
-0.7853029510887806
-0.7790726726314031
-0.7727644875559871
-0.7663790266757844
-0.759916928531561
-0.7533788393277465
-0.7467654128678123
-0.7400773104888944
-0.7333152009956565
-0.7264797605934131
-0.7195716728205075
-0.7125916284799615
-0.7055403255703919
-0.6984184692162135
-0.6912267715971271
-0.6839659518769007
-0.6766367361314569
-0.669239857276262
-0.6617760549930376
-0.6542460756557914
-0.6466506722561834
-0.6389906043282237
-0.6312666378723216
-0.6234795452786853
-0.6156301052500863
-0.6077191027239858
-0.5997473287940438
-0.5917155806310094
-0.5836246614030073
-0.5754753801952172
-0.5672685519289686
-0.5590049972802488
-0.5506855425976376
-0.5423110198196698
-0.5338822663916443
-0.5254001251818793
-0.5168654443974288
-0.5082790774992584
-0.49964188311690244
-0.49095472496260173
-0.48221847174493154
-0.47343399708193507
-0.46460217941375737
-0.4557239019148055
-0.44680005240543
-0.4378315232631469
-0.4288192113333959
-0.41976401783985967
-0.41066684829434086
-0.4015286124062146
-0.39235022399145386
-0.38313260088125134
-0.373876664830236
-0.3645833414243013
-0.35525355998804264
-0.34588825349182883
-0.3364883584585042
-0.32705481486974064
-0.31758856607203484
-0.3080905586823781
-0.2985617424935936
-0.2890030703793611
-0.27941549819892586
-0.26979998470151617
-0.2601574914304689
-0.2504889826270749
-0.2407954251341592
-0.23107778829939224
-0.22133704387835954
-0.21157416593738504
-0.2017901307561289
-0.19198591672995502
-0.18216250427209588
-0.17232087571561025
-0.1624620152151542
-0.15258690864856114
-0.14269654351825858
-0.13279190885251674
-0.12287399510655005
-0.11294379406346737
-0.10300229873509785
-0.0930505032626889
-0.0830894028174964
-0.07311999350126308
-0.06314327224661277
-0.053160236717356125
-0.04317188520872868
-0.03317921654755682
-0.02318322999237945
-0.01318492513352214
-0.0031853017931379904
0.006814640074770176
0.016813900484349713
0.026811479517892353
0.03680637742582692
0.04679759472668989
0.05678413230707805
0.06676499152155546
0.07673917429251892
0.08670568321000133
0.09666352163141724
0.10661169378122266
0.11654920485049364
0.1264750610964027
0.13638826994159764
0.14628784007345494
0.1561727815432119
0.1660421058649572
0.175894826114484
0.18572995702797787
0.19554651510054424
0.2053435186845546
0.21511998808781552
0.2248749456715337
0.23460741594807993
0.24431642567853773
0.2540010039700231
0.2636601823727784
0.27329299497701237
0.28289847850949296
0.2924756724298697
0.30202361902673236
0.31154136351337786
0.32102795412328977
0.3304824422053109
0.3399038823185127
0.34929133232673487
0.35864385349280037
0.36796051057238466
0.3772403719075444
0.38648250951987934
0.3956859992033308
0.4048499206165983
0.413973357375178
0.42305539714299684
0.43209513172364716
0.44109165715120235
0.4500440737806176
0.4589514863776903
0.4678130042085835
0.4766277411288995
0.48539481567229026
0.49411335113860816
0.502782475681572
0.5114013223959524
0.5199690294042587
0.5284847399429308
0.536947602448011
0.545356770640302
0.5537114036099907
0.562010665900743
0.570253727593246
0.5784397643882001
0.5865679576887464
0.5946374946823286
0.6026475684219723
0.6105973779069791
0.618486128163024
0.6263130303216559
0.6340773016991814
0.6417781658749337
0.6494148527689112
0.6569865987187891
0.664492646556282
0.6719322456828615
0.6793046521448148
0.6866091287076385
0.6938449449297637
0.7010113772355981
0.7081077089878838
0.7151332305593578
0.7220872394037184
0.7289690401258759
0.7357779445514936
0.7425132717958018
0.7491743483316894
0.7557605080570537
0.7622710923614112
0.7687054501917558
0.775062938117667
0.78134292039565
0.787544769032711
0.7936678638491531
0.7997115925405982
0.8056753507392133
0.8115585420741488
0.8173605782311729
0.8230808790115055
0.8287188723898353
0.834273994571523
0.8397456900489799
0.8451334116572173
0.8504366206285644
0.8556547866465435
0.8607873878989016
0.8658339111297899
0.8707938516910911
0.8756667135928823
0.8804520095530344
0.8851492610459383
0.8897579983503596
0.8942777605964084
0.8987080958116269
0.9030485609661848
0.907298722017184
0.9114581539520613
0.9155264408310896
0.9195031758289707
0.9233879612755189
0.927180408695427
0.9308801388471136
0.934486781760646
0.9379999767747389
0.9414193725728183
0.9447446272181538
0.9479754081880525
0.951111392407109
0.9541522662795148
0.957097725720417
0.9599474761863261
0.9627012327045701
0.9653587199017918
0.9679196720314863
0.970383833000575
0.9727509563950137
0.9750208055044363
0.9771931533458229
0.9792677826862
0.9812444860643621
0.9831230658116188
0.9849033340715608
0.9865851128188459
0.9881682338770004
0.989652538935238
0.9910378795642898
0.9923241172312475
0.9935111233134158
0.9945987791111761
0.9955869758598548
0.9964756147406005
0.9972646068902659
0.9979538734102932
0.998543345374605
0.9990329638364959
0.9994226798345279
0.999712454397426
0.9999022585479752
0.9999920733059188
0.9999818896898556
0.999871708718139
0.9996615414087742
0.999351408778317
0.998941341839772
0.9984313815994914
0.9978215790530743
0.997111995180267
0.9963027009388656
0.9953937772576199
0.9943853150281404
0.9932774150958098
0.992070188249698
0.9907637552114835