0.045369565992944304
0.03709918303679235
0.11569974578627666
0.03903970796371144
0.10178312130303863
0.09469944047657425
0.05991712927686238
0.0867027217511443
0.12855863277912694
0.12505553727972957
0.12749552430138875
0.19122556619594344
0.13954139205530572
0.17684405377213358
0.1400904003892487
0.19322878976191063
0.14416429267658507
0.22869328341639567
0.24332650456399818
0.19887936929378502
0.19115881643874924
0.22401403040698953
0.2084490349521708
0.2222785049934734
0.2514140088529822
0.28127324124953335
0.23288815580180883
0.25012723731712133
0.23290701603729064
0.32136955023704905
0.30285940046812365
0.33040017142669964
0.3426031826057887
0.32303263251122416
0.300409349658885
0.3164467774826607
0.36624848771987917
0.3587018661113818
0.37387159917284596
0.35438093478760624
0.3226491203116896
0.369133877854703
0.3482055294614039
0.3254139902820773
0.39137449786379624
0.404304852773394
0.3623491826874885
0.40951858226374516
0.4263548258134192
0.3902658171211579
0.4421161375798832
0.3704727413296573
0.4297549772370358
0.46294977690858086
0.44706522045809055
0.4657743284350218
0.4736765063788386
0.4143740636061892
0.42186105522861683
0.4026663728253363
0.42033629916300114
0.5084214346973099
0.4910042712145657
0.47831690130885673
0.4489621547227295
0.4721605649730631
0.4504449399875056
0.5125056956068763
0.5156602741483867
0.4803644192665062
0.48736121485068057
0.4621229751648894
0.4950891372571941
0.5163620467268695
0.4893238326097381
0.5406067481381677
0.535982633764258
0.5252309632866945
0.5185991817326825
0.5560468430193073
0.5395130678508535
0.5905342957246044
0.5204496975082055
0.5892706696180553
0.6050024440459973
0.5976247913946922
0.5518817943917351
0.5998753020273131
0.5322502591769458
0.5421712719410633
0.5570692035634236
0.6056515396927062
0.6249571598982316
0.6086440354755855
0.625986572673979
0.617883727997978
0.6188537022613873
0.5663054621512991
0.6475821149680298
0.5913266535000031
0.6580969868561851
0.6103859731976693
0.5791444893077508
0.5800504906275926
0.6706353486922982
0.6568538550450101
0.5973067870804398
0.6855778354363945
0.6111328635559983
0.6863467780874783
0.6062844870186961
0.6626220094313364
0.6773199613035847
0.6489393266267622
0.6919195978774393
0.6573442234264067
0.6856991107868621
0.7172999982434685
0.6815490352159002
0.6623781291763646
0.6824323803257443
0.7050832710929505
0.6845899792882005
0.6553790883928133
0.6409793990842712
0.7161953417269588
0.6749679181860203
0.6491056385995291
0.7349714998349967
0.6661232967984831
0.7068123787759621
0.6878049383560483
0.6674452389393059
0.6668958161196528
0.7544583518709267
0.681780814980683
0.7352642796552927
0.6884675753317477
0.7597749932682707
0.7622386097733094
0.7577082796572976
0.7707352936325089
0.736281310471147
0.737934394473629
0.7255353847852523
0.7421958019348709
0.749804675473062
0.7541431495980354
0.722278496109295
0.6974657232536795
0.7633317726104674
0.797000149895531
0.7390171439753003
0.7056673442086632
0.8048374403881385
0.7788150435070382
0.7430678298862501
0.7476636590786944
0.741456072518107
0.8130008566695988
0.7818253025098614
0.8140583590621095
0.8005723018250176
0.7907863493491287
0.747237121124804
0.7988747878112005
0.7585982555954364
0.8166293975938153
0.8242137241907218
0.743788969880212
0.7939488524758262
0.792566018644791
0.8271672348832402
0.749738902460732
0.823496237064205
0.7811875916367211
0.7461425921492376
0.7805112310830642
0.8037305837205713
0.7944841358512554
0.7791838036777784
0.8508320083094366
0.7567523154547008
0.7934204838484616
0.8326675002820512
0.8155612548340054
0.781838163196948
0.7677515678512306
0.8060914977282427
0.7785415639376192
0.8392509696418484
0.7768029700869792
0.7874274783359227
0.8252571925242641
0.7719770974782117
0.7820689596224405
0.8367777751934586
0.827095214938842
0.8060312409525057
0.8004847247387661
0.8646053017329045
0.8336873123618638
0.860085051314341
0.8650446898739617
0.8301139224959649
0.8091969950845003
0.8218670217455197
0.7971867407197895
0.8109228334483467
0.8291119160863212
0.8459221652600288
0.8228249842584124
0.8733012614602675
0.8298275081541326
0.8193578194158448
0.8851665126970786
0.8222482163085659
0.8861639718628225
0.8485870115206501
0.8143091656511665
0.8600835773434388
0.8783369564224512
0.8418970104948744
0.8176144917471857
0.8631599442621312
0.8675690278870719
0.8505397939828397
0.8135290197163247
0.8661742983997491
0.8153672002473913
0.8941120888713628
0.8463751105634013
0.910215543005643
0.837244694178743
0.8350053808658235
0.8171953985471194
0.8221706912702867
0.8488995921405142
0.8357963255973067
0.8787536648388687
0.830626755636154
0.8196236691435217
0.8221543738038827
0.8462444156956641
0.8782875108079046
0.8375061010804306
0.874507737509461
0.8995882182217889
0.8822094075191944
0.883054299591884
0.831418658361039
0.8279942994376337
0.9114282868292014
0.8550563647964569
0.9077062381022217
0.8478090639506102
0.91388733729922
0.8441422572196726
0.919874192386795
0.9235610303079163
0.8583389710060018
0.8985457658533083
0.9129251220345389
0.8954553524238186
0.9060127369451156
0.9328561623138472
0.8674965031675198
0.9284383027305092
0.8463882280510281
0.843829780927472
0.8566867647714179
0.9247039974581339
0.8562684030469915
0.8607477299782635
0.8435620962441134
0.8944904472437234
0.8853755771678805
0.8588271584656535
0.9181373775302617
0.9392133368828043
0.9120404830700928
0.9144670342187516
0.8488768264889526
0.8838886668646005
0.9239761414652833
0.947211155994335
0.8996267342440305
0.8917961902751952
0.9354104622565382
0.9130716064172494
0.9217595217434662
0.9221534189463764
0.936046686583658
0.9377879879662527
0.9512181500161446
0.8657487587566696
0.8549280291375989
0.9300097415026783
0.8942455438438563
0.8601002672650742